255 255 255 255 255 255 255 255 255 255 255 255 255 255 255 255
255 254 247 246 246 246 246 246 246 246 246 246 246 246 254 255
255 247  41  21  21  21  21  21  21  21  21  21  21  28 231 255
255 246  21  12  57  57  57  57  57  57  57  57  17   7 229 255
255 246  21  57 255 255 255 255 255 255 255 255  80   7 229 255
255 246  21  30 134 191 255 162 154 255 255 255  80   7 229 255
255 246  21   0   0 120 255  59  42 255 255 255  80   7 229 255
255 246  21  44 198 224 255 211 207 255 165  59  18   7 229 255
255 246  21  48 214 233 255 255 255 255 157  42  13   7 229 255
255 246  21   0   0 120 255 255 255 255 255 255  80   7 229 255
255 246  21  26 116 126 138 228 236 138 191 255  80   7 229 255
255 246  21  57 255 134   0 198 214   0 116 255  80   7 229 255
255 246  21  17  80  41   0  62  67   0  36  80  25   7 229 255
255 246  28   7   7   7   7   7   7   7   7   7   7  14 229 255
255 254 231 229 229 229 229 229 229 229 229 229 229 229 252 255
255 255 255 255 255 255 255 255 255 255 255 255 255 255 255 255
255 255 255 255 255 255 255 255 255 255 255 255 255 255 255 255
255 254 247 246 246 246 246 246 246 246 246 246 246 246 254 255
255 247  41  21  21  21  21  21  21  21  21  21  21  28 231 255
255 246  21  12  57  57  57  57  57  57  57  57  17   7 229 255
255 246  21  57 255 255 255 255 255 255 255 255  80   7 229 255
255 246  21  30 134 191 255 162 154 255 255 255  80   7 229 255
255 246  21   0   0 120 255  59  42 255 255 255  80   7 229 255
255 246  21  44 198 224 255 211 207 255 165  59  18   7 229 255
255 246  21  48 214 233 255 255 255 255 157  42  13   7 229 255
255 246  21   0   0 120 255 255 255 255 255 255  80   7 229 255
255 246  21  26 116 126 138 228 236 138 191 255  80   7 229 255
255 246  21  57 255 134   0 198 214   0 116 255  80   7 229 255
255 246  21  17  80  41   0  62  67   0  36  80  25   7 229 255
255 246  28   7   7   7   7   7   7   7   7   7   7  14 229 255
255 254 231 229 229 229 229 229 229 229 229 229 229 229 252 255
255 255 255 255 255 255 255 255 255 255 255 255 255 255 255 255
255 255 255 255 255 255 255 255 255 255 255 255 255 255 255 255
255 254 247 246 246 246 246 246 246 246 246 246 246 246 254 255
255 247  41  21  21  21  21  21  21  21  21  21  21  28 231 255
255 246  21  12  57  57  57  57  57  57  57  57  17   7 229 255
255 246  21  57 255 255 255 255 255 255 255 255  80   7 229 255
255 246  21  30 134 191 255 162 154 255 255 255  80   7 229 255
255 246  21   0   0 120 255  59  42 255 255 255  80   7 229 255
255 246  21  44 198 224 255 211 207 255 165  59  18   7 229 255
255 246  21  48 214 233 255 255 255 255 157  42  13   7 229 255
255 246  21   0   0 120 255 255 255 255 255 255  80   7 229 255
255 246  21  26 116 126 138 228 236 138 191 255  80   7 229 255
255 246  21  57 255 134   0 198 214   0 116 255  80   7 229 255
255 246  21  17  80  41   0  62  67   0  36  80  25   7 229 255
255 246  28   7   7   7   7   7   7   7   7   7   7  14 229 255
255 254 231 229 229 229 229 229 229 229 229 229 229 229 252 255
255 255 255 255 255 255 255 255 255 255 255 255 255 255 255 255

255 255 255 255 255 255 255 255 255 255 255 255 255 255 255 255
255 254 239 238 238 238 238 238 238 238 238 238 238 239 254 255
255 239  28  15  15  15  15  15  15  15  15  15  15  28 239 255
255 238  15  18  73  73  73  15  15  73  73  73  21  15 238 255
255 238  15  64 255 255 255  51  51 255 255 255  73  15 238 255
255 238  15  64 255 255 255 154 154 255 191 125  36  15 238 255
255 238  15  64 255 255 255 255 255 255 129   0   0  15 238 255
255 238  15  64 255 151  51 216 255 255 231 206  59  15 238 255
255 238  15  64 255 151  51 216 255 255 231 206  59  15 238 255
255 238  15  64 255 255 255 255 255 255 129   0   0  15 238 255
255 238  15  64 255 191 129 231 231 129 127 125  36  15 238 255
255 238  15  64 255 125   0 206 206   0 125 255  73  15 238 255
255 238  15  16  64  31   0  52  52   0  31  64  18  15 238 255
255 239  28  15  15  15  15  15  15  15  15  15  15  28 239 255
255 254 239 238 238 238 238 238 238 238 238 238 238 239 254 255
255 255 255 255 255 255 255 255 255 255 255 255 255 255 255 255
255 255 255 255 255 255 255 255 255 255 255 255 255 255 255 255
255 254 239 238 238 238 238 238 238 238 238 238 238 239 254 255
255 239  28  15  15  15  15  15  15  15  15  15  15  28 239 255
255 238  15  18  73  73  73  15  15  73  73  73  21  15 238 255
255 238  15  64 255 255 255  51  51 255 255 255  73  15 238 255
255 238  15  64 255 255 255 154 154 255 191 125  36  15 238 255
255 238  15  64 255 255 255 255 255 255 129   0   0  15 238 255
255 238  15  64 255 151  51 216 255 255 231 206  59  15 238 255
255 238  15  64 255 151  51 216 255 255 231 206  59  15 238 255
255 238  15  64 255 255 255 255 255 255 129   0   0  15 238 255
255 238  15  64 255 191 129 231 231 129 127 125  36  15 238 255
255 238  15  64 255 125   0 206 206   0 125 255  73  15 238 255
255 238  15  16  64  31   0  52  52   0  31  64  18  15 238 255
255 239  28  15  15  15  15  15  15  15  15  15  15  28 239 255
255 254 239 238 238 238 238 238 238 238 238 238 238 239 254 255
255 255 255 255 255 255 255 255 255 255 255 255 255 255 255 255
255 255 255 255 255 255 255 255 255 255 255 255 255 255 255 255
255 254 239 238 238 238 238 238 238 238 238 238 238 239 254 255
255 239  28  15  15  15  15  15  15  15  15  15  15  28 239 255
255 238  15  18  73  73  73  15  15  73  73  73  21  15 238 255
255 238  15  64 255 255 255  51  51 255 255 255  73  15 238 255
255 238  15  64 255 255 255 154 154 255 191 125  36  15 238 255
255 238  15  64 255 255 255 255 255 255 129   0   0  15 238 255
255 238  15  64 255 151  51 216 255 255 231 206  59  15 238 255
255 238  15  64 255 151  51 216 255 255 231 206  59  15 238 255
255 238  15  64 255 255 255 255 255 255 129   0   0  15 238 255
255 238  15  64 255 191 129 231 231 129 127 125  36  15 238 255
255 238  15  64 255 125   0 206 206   0 125 255  73  15 238 255
255 238  15  16  64  31   0  52  52   0  31  64  18  15 238 255
255 239  28  15  15  15  15  15  15  15  15  15  15  28 239 255
255 254 239 238 238 238 238 238 238 238 238 238 238 239 254 255
255 255 255 255 255 255 255 255 255 255 255 255 255 255 255 255

255 255 255 255 255 255 255 255 255 255 255 255 255 255 255 255
255 254 239 238 238 238 238 238 238 238 238 238 238 239 254 255
255 239  28  15  15  15  15  15  15  15  15  15  15  28 239 255
255 238  15  21  73  36   0  59  59   0  36  73  18  15 238 255
255 238  15  73 255 125   0 206 206   0 125 255  64  15 238 255
255 238  15  73 255 191 129 231 231 129 127 125  31  15 238 255
255 238  15  73 255 255 255 255 255 255 129   0   0  15 238 255
255 238  15  15  51 154 255 255 255 255 231 206  52  15 238 255
255 238  15  15  51 154 255 216 216 255 231 206  52  15 238 255
255 238  15  73 255 255 255  51  51 255 129   0   0  15 238 255
255 238  15  73 255 255 255 151 151 255 191 125  31  15 238 255
255 238  15  73 255 255 255 255 255 255 255 255  64  15 238 255
255 238  15  18  64  64  64  64  64  64  64  64  16  15 238 255
255 239  28  15  15  15  15  15  15  15  15  15  15  28 239 255
255 254 239 238 238 238 238 238 238 238 238 238 238 239 254 255
255 255 255 255 255 255 255 255 255 255 255 255 255 255 255 255
255 255 255 255 255 255 255 255 255 255 255 255 255 255 255 255
255 254 239 238 238 238 238 238 238 238 238 238 238 239 254 255
255 239  28  15  15  15  15  15  15  15  15  15  15  28 239 255
255 238  15  21  73  36   0  59  59   0  36  73  18  15 238 255
255 238  15  73 255 125   0 206 206   0 125 255  64  15 238 255
255 238  15  73 255 191 129 231 231 129 127 125  31  15 238 255
255 238  15  73 255 255 255 255 255 255 129   0   0  15 238 255
255 238  15  15  51 154 255 255 255 255 231 206  52  15 238 255
255 238  15  15  51 154 255 216 216 255 231 206  52  15 238 255
255 238  15  73 255 255 255  51  51 255 129   0   0  15 238 255
255 238  15  73 255 255 255 151 151 255 191 125  31  15 238 255
255 238  15  73 255 255 255 255 255 255 255 255  64  15 238 255
255 238  15  18  64  64  64  64  64  64  64  64  16  15 238 255
255 239  28  15  15  15  15  15  15  15  15  15  15  28 239 255
255 254 239 238 238 238 238 238 238 238 238 238 238 239 254 255
255 255 255 255 255 255 255 255 255 255 255 255 255 255 255 255
255 255 255 255 255 255 255 255 255 255 255 255 255 255 255 255
255 254 239 238 238 238 238 238 238 238 238 238 238 239 254 255
255 239  28  15  15  15  15  15  15  15  15  15  15  28 239 255
255 238  15  21  73  36   0  59  59   0  36  73  18  15 238 255
255 238  15  73 255 125   0 206 206   0 125 255  64  15 238 255
255 238  15  73 255 191 129 231 231 129 127 125  31  15 238 255
255 238  15  73 255 255 255 255 255 255 129   0   0  15 238 255
255 238  15  15  51 154 255 255 255 255 231 206  52  15 238 255
255 238  15  15  51 154 255 216 216 255 231 206  52  15 238 255
255 238  15  73 255 255 255  51  51 255 129   0   0  15 238 255
255 238  15  73 255 255 255 151 151 255 191 125  31  15 238 255
255 238  15  73 255 255 255 255 255 255 255 255  64  15 238 255
255 238  15  18  64  64  64  64  64  64  64  64  16  15 238 255
255 239  28  15  15  15  15  15  15  15  15  15  15  28 239 255
255 254 239 238 238 238 238 238 238 238 238 238 238 239 254 255
255 255 255 255 255 255 255 255 255 255 255 255 255 255 255 255

255 255 255 255 255 255 255 255 255 255 255 255 255 255 255 255
255 254 239 238 238 238 238 238 238 238 238 238 238 239 254 255
255 239  28  15  15  15  15  15  15  15  15  15  15  28 239 255
255 238  15  18  64  31   0  52  52   0  31  64  16  15 238 255
255 238  15  73 255 125   0 206 206   0 125 255  64  15 238 255
255 238  15  36 125 127 129 231 231 129 191 255  64  15 238 255
255 238  15   0   0 129 255 255 255 255 255 255  64  15 238 255
255 238  15  59 206 231 255 255 216  51 151 255  64  15 238 255
255 238  15  59 206 231 255 255 216  51 151 255  64  15 238 255
255 238  15   0   0 129 255 255 255 255 255 255  64  15 238 255
255 238  15  36 125 191 255 154 154 255 255 255  64  15 238 255
255 238  15  73 255 255 255  51  51 255 255 255  64  15 238 255
255 238  15  21  73  73  73  15  15  73  73  73  18  15 238 255
255 239  28  15  15  15  15  15  15  15  15  15  15  28 239 255
255 254 239 238 238 238 238 238 238 238 238 238 238 239 254 255
255 255 255 255 255 255 255 255 255 255 255 255 255 255 255 255
255 255 255 255 255 255 255 255 255 255 255 255 255 255 255 255
255 254 239 238 238 238 238 238 238 238 238 238 238 239 254 255
255 239  28  15  15  15  15  15  15  15  15  15  15  28 239 255
255 238  15  18  64  31   0  52  52   0  31  64  16  15 238 255
255 238  15  73 255 125   0 206 206   0 125 255  64  15 238 255
255 238  15  36 125 127 129 231 231 129 191 255  64  15 238 255
255 238  15   0   0 129 255 255 255 255 255 255  64  15 238 255
255 238  15  59 206 231 255 255 216  51 151 255  64  15 238 255
255 238  15  59 206 231 255 255 216  51 151 255  64  15 238 255
255 238  15   0   0 129 255 255 255 255 255 255  64  15 238 255
255 238  15  36 125 191 255 154 154 255 255 255  64  15 238 255
255 238  15  73 255 255 255  51  51 255 255 255  64  15 238 255
255 238  15  21  73  73  73  15  15  73  73  73  18  15 238 255
255 239  28  15  15  15  15  15  15  15  15  15  15  28 239 255
255 254 239 238 238 238 238 238 238 238 238 238 238 239 254 255
255 255 255 255 255 255 255 255 255 255 255 255 255 255 255 255
255 255 255 255 255 255 255 255 255 255 255 255 255 255 255 255
255 254 239 238 238 238 238 238 238 238 238 238 238 239 254 255
255 239  28  15  15  15  15  15  15  15  15  15  15  28 239 255
255 238  15  18  64  31   0  52  52   0  31  64  16  15 238 255
255 238  15  73 255 125   0 206 206   0 125 255  64  15 238 255
255 238  15  36 125 127 129 231 231 129 191 255  64  15 238 255
255 238  15   0   0 129 255 255 255 255 255 255  64  15 238 255
255 238  15  59 206 231 255 255 216  51 151 255  64  15 238 255
255 238  15  59 206 231 255 255 216  51 151 255  64  15 238 255
255 238  15   0   0 129 255 255 255 255 255 255  64  15 238 255
255 238  15  36 125 191 255 154 154 255 255 255  64  15 238 255
255 238  15  73 255 255 255  51  51 255 255 255  64  15 238 255
255 238  15  21  73  73  73  15  15  73  73  73  18  15 238 255
255 239  28  15  15  15  15  15  15  15  15  15  15  28 239 255
255 254 239 238 238 238 238 238 238 238 238 238 238 239 254 255
255 255 255 255 255 255 255 255 255 255 255 255 255 255 255 255
